0.0249499 0.00187188 0 0 0 0 1 -0.0001358 0.00292848 0.0227671 0.00239461 -0.00153994 -0.000423199 0.999996
0.0249499 0.00187188 0 0 0 0 1 -0.00092082 -0.000533879 0.0228053 0.00115425 -0.000779887 -0.000635795 0.999999
0.110945 0.0199987 0 0 0 0.071657 0.997429 -0.0111781 -0.00338566 0.101234 0.00107392 -0.0561792 0.00203481 0.998418
0.160696 0.0854438 0 0 0 0.224951 0.97437 -0.073625 -0.00830043 0.186786 -0.00717483 -0.219693 -0.00917223 0.9755
0.155068 0.04428 0 0 0 0.121322 0.992613 -0.0361685 -0.00548652 0.174841 -0.00441385 -0.131276 -0.0097173 0.991288
0.000998557 -5.37073e-05 0 0 0 -0.0443054 0.999018 -0.0117664 0.011903 -0.00339086 0.00449419 0.0381139 -0.00592192 0.999246
0.00190211 -0.000618034 0 0 0 -0.173648 0.984808 -0.0739662 0.0328926 -0.00521221 0.0140604 0.19446 0.00240598 0.980807
0.00190211 -0.000618034 0 0 0 -0.242777 0.970082 -0.077458 0.0372255 -0.00736307 0.0145394 0.24712 -0.00111937 0.968875
0.00190211 -0.000618034 0 0 0 -0.390731 0.920505 -0.0946631 0.0399364 -0.00888258 0.0185737 0.406364 0.0116767 0.913448
0.000986285 0.000165054 0 0 0 -0.0555809 0.998454 -0.00990543 0.00891657 -0.00469892 0.00384427 0.0800483 0.0038517 0.996776
0.000939693 0.00034202 0 0 0 0.19983 0.97983 0.0270479 -0.0193822 0.0219199 -0.00898858 -0.191415 -0.00414141 0.981459
0 0 0 0 0 0.325568 0.945519 0.068454 -0.0385815 0.0668914 -0.0170511 -0.343895 -0.0117282 0.93878
-0.0539553 -0.000796973 0 0 0 0.317305 0.948324 0.0665362 -0.0440957 0.0202545 -0.0187883 -0.342452 -0.010113 0.939293
-0.215676 -0.000229603 0 0 0 0.317305 0.948324 0.0778851 -0.045055 -0.154065 -0.017782 -0.345132 -0.00757019 0.938355
-0.215676 -0.000229603 0 0 0 0.0838913 0.996475 0.0242211 -0.0210425 -0.209016 -0.00693037 -0.105728 -0.00301765 0.994366
-0.215676 -0.000229603 0 0 0 -0.00872654 0.999962 0.0102348 -0.00751245 -0.218969 -0.00122103 -0.00268874 0.0032453 0.99999
-0.215676 -0.000229603 0 0 0 -0.00872654 0.999962 0.00785272 -0.00273465 -0.218859 0.000525735 -0.000983995 0.000145445 0.999999
-0.162083 0.000571515 0 0 0 0 1 0.00932253 0.000544468 -0.174574 0.00158363 -0.00289082 0.00201554 0.999993
0.15646 0.005711 0 0 0 0 1 -0.00725624 0.00868272 0.156455 0.000542593 0.00269462 -0.00375009 0.999989
0.284529 0.00913098 0 0 0 0 1 -0.0136525 0.00262341 0.297771 -0.00169842 0.0181215 -0.00108554 0.999834
0.284529 0.00913098 0 0 0 0 1 -0.0115802 0.00671848 0.29706 0.000545565 0.0168662 -0.00367903 0.999851
0.27455 -0.0752485 0 0 0 -0.149236 0.988802 0.0519163 0.00871426 0.278291 0.00432189 0.154214 -0.00227494 0.988025
0.261721 -0.116766 0 0 0 -0.224951 0.97437 0.0653907 0.0231342 0.260469 0.0107314 0.245163 -0.00115192 0.969422
0.130496 0.0113543 0 0 0 0.0277012 0.999616 -0.0078127 0.00376165 0.138791 0.00318213 -0.000793778 0.00119962 0.999994
0.0017659 0.000938943 0 0 0 0.0784591 0.996917 0.0091911 0.00194298 -0.00141652 0.00167644 -0.0780774 -0.00525889 0.996932
0.00197538 0.000312869 0 0 0 -0.0871557 0.996195 -0.0171611 0.0100636 -0.00422403 0.00563322 0.0894614 -0.00143625 0.995973
0.00197538 0.000312869 0 0 0 0.0631329 0.998005 0.00671148 -0.00434381 0.00687063 -0.00224797 -0.0527941 -3.1613e-05 0.998603
-0.199444 -0.000856707 0 0 0 0.139173 0.990268 0.0354271 -0.0163833 -0.170165 -0.00843103 -0.144648 -0.00532356 0.989433
-0.251566 -0.0033954 0 0 0 -0.115499 0.993308 -0.0231726 0.0055543 -0.257351 0.00407855 0.10183 -0.0050951 0.99478
-0.251566 -0.0033954 0 0 0 -0.165048 0.986286 -0.0260135 0.00989454 -0.25795 0.00583473 0.162514 0.00129604 0.986688
-0.103247 0.00272104 0 0 0 0 1 -0.00585345 0.00588074 -0.11197 0.00229931 -0.000216316 -0.0047746 0.999986
0.0513071 0.00913872 0 0 0 0 1 -0.0121071 -0.000317544 0.0543863 4.95613e-05 0.00926445 -0.00260499 0.999954
0.251296 0.0101382 0 0 0 0 1 -0.00419051 -0.00553589 0.248459 -0.000894936 0.0112509 0.00260591 0.999933
0.301567 0.0123273 0 0 0 0 1 0.000331837 -0.00988199 0.313669 -0.00330375 0.0103367 0.00389841 0.999934
0.138722 0.00489674 0 0 0 0 1 -0.00157421 -0.00458408 0.150939 -0.00207972 0.0105033 0.000520322 0.999943
-0.08687 -0.00447782 0 0 0 0 1 0.00312925 -0.00717218 -0.0797443 -0.00355042 0.00253872 0.00372852 0.999984
-0.221058 -0.102344 0 0 0 0.192578 0.981282 0.0920922 -0.026147 -0.223887 -0.0126419 -0.181915 0.00740407 0.983205
-0.201108 -0.139045 0 0 0 0.275637 0.961262 0.124988 -0.0405324 -0.206322 -0.0180392 -0.267674 0.000910765 0.96334
-0.233471 -0.0646227 0 0 0 0.112083 0.993699 0.0643666 -0.0182276 -0.243926 -0.00929998 -0.123384 0.00188907 0.992314
-0.0785158 0.0133128 0 0 0 -0.106296 0.994335 -0.0591118 0.00237753 -0.102806 0.000891125 0.104451 0.00398231 0.994522
-0.00198054 0.000278346 0 0 0 -0.147809 0.989016 -0.0665765 0.00555486 -0.0165178 0.00405947 0.168081 0.0024149 0.985762
0 0 0 0 0 -0.103832 0.994595 0.00143457 0.0196491 -0.0137541 0.0123393 0.109642 -0.00634075 0.993874
0.103656 -4.44839e-05 0 0 0 -0.165048 0.986286 0.0117042 0.0296166 0.0853385 0.0150677 0.152169 -0.00359609 0.988233
0.189407 0.00102789 0 0 0 0.00158426 0.999999 0.00575249 0.00851933 0.19266 0.00413022 0.00822747 -0.00668948 0.999935
0.189407 0.00102789 0 0 0 0.218852 0.975758 0.0403587 -0.0114897 0.224542 -0.00780703 -0.218056 -0.006256 0.975885
0.189407 0.00102789 0 0 0 0.258819 0.965926 0.0572482 -0.0188182 0.24009 -0.0117168 -0.276415 -0.0047765 0.960955
